gkz	urbanisierung
10101	2
10201	3
10301	3
10302	3
10303	2
10304	3
10305	3
10306	3
10307	3
10308	2
10309	2
10310	3
10311	3
10312	3
10313	3
10314	3
10315	3
10316	3
10317	3
10318	3
10319	3
10320	3
10321	3
10322	3
10323	3
10401	3
10402	3
10403	3
10404	3
10405	3
10406	3
10407	3
10408	3
10409	3
10410	3
10411	3
10412	3
10413	3
10414	3
10415	3
10416	3
10417	3
10418	3
10419	3
10420	3
10421	3
10422	3
10423	3
10424	3
10425	3
10426	3
10427	3
10428	3
10501	3
10502	3
10503	3
10504	3
10505	3
10506	3
10507	3
10508	3
10509	3
10510	3
10511	3
10512	3
10601	3
10602	3
10603	3
10604	3
10605	2
10606	2
10607	2
10608	2
10609	3
10610	2
10611	3
10612	3
10613	3
10614	3
10615	3
10616	2
10617	3
10618	2
10619	3
10701	3
10702	3
10703	3
10704	3
10705	3
10706	3
10707	3
10708	3
10709	3
10710	3
10711	3
10712	3
10713	2
10714	3
10715	3
10716	3
10717	3
10718	3
10719	3
10720	3
10721	3
10722	3
10723	3
10724	3
10725	3
10726	3
10727	3
10801	3
10802	3
10803	3
10804	3
10805	3
10806	3
10807	3
10808	3
10809	3
10810	3
10811	3
10812	3
10813	3
10814	3
10815	3
10816	3
10817	3
10818	3
10819	3
10820	3
10821	3
10822	3
10823	3
10824	3
10825	3
10826	3
10827	3
10828	3
10901	3
10902	3
10903	3
10904	3
10905	3
10906	3
10907	3
10908	3
10909	3
10910	3
10911	3
10912	3
10913	3
10914	3
10915	3
10916	3
10917	2
10918	2
10919	3
10920	2
10921	3
10922	3
10923	3
10924	3
10925	3
10926	3
10927	3
10928	3
10929	3
10930	3
10931	3
10932	3
20101	1
20201	2
20302	3
20305	3
20306	3
20307	3
20316	3
20320	3
20321	3
20402	3
20403	3
20405	3
20409	3
20412	3
20414	3
20415	3
20416	3
20417	3
20418	3
20419	3
20421	3
20424	3
20425	3
20428	3
20432	3
20435	3
20441	3
20442	3
20501	3
20502	3
20503	3
20504	3
20505	3
20506	3
20508	3
20509	3
20511	3
20512	3
20513	3
20515	3
20518	3
20519	3
20520	3
20523	3
20527	2
20530	3
20531	3
20534	3
20601	3
20602	3
20603	3
20604	3
20605	3
20607	3
20608	3
20609	3
20610	3
20611	3
20613	3
20616	3
20618	3
20619	3
20620	3
20622	3
20624	3
20625	3
20627	3
20630	3
20631	3
20632	3
20633	3
20634	2
20635	2
20636	3
20637	3
20638	3
20639	3
20640	3
20642	3
20643	3
20644	3
20701	3
20702	3
20703	3
20705	3
20707	3
20708	3
20710	3
20711	3
20712	3
20713	3
20719	3
20720	3
20721	3
20722	3
20723	3
20724	3
20725	3
20726	3
20727	2
20801	3
20802	3
20803	3
20804	3
20805	3
20806	3
20807	3
20808	3
20810	3
20812	3
20813	3
20815	3
20817	3
20901	3
20905	3
20909	3
20911	3
20912	3
20913	3
20914	3
20918	3
20923	2
21001	3
21002	2
21003	3
21004	3
21005	3
21006	3
21007	3
21008	3
21009	3
21010	3
30101	2
30201	2
30301	2
30401	2
30501	3
30502	2
30503	3
30504	3
30506	3
30507	3
30508	2
30509	3
30510	3
30511	3
30512	3
30514	3
30515	3
30516	3
30517	2
30520	3
30521	3
30522	3
30524	3
30526	3
30527	3
30529	3
30530	3
30531	2
30532	3
30533	2
30534	3
30536	3
30538	3
30539	3
30541	3
30542	3
30543	3
30544	3
30601	3
30602	3
30603	2
30604	2
30605	2
30607	2
30608	2
30609	3
30612	2
30613	3
30614	3
30615	2
30616	3
30618	2
30620	2
30621	3
30623	2
30625	2
30626	3
30627	3
30629	3
30631	2
30633	3
30635	2
30636	2
30637	2
30639	2
30641	2
30645	3
30646	3
30701	3
30702	3
30703	3
30704	2
30706	2
30708	3
30709	3
30710	2
30711	3
30712	3
30713	3
30715	3
30716	3
30718	3
30719	3
30721	3
30722	3
30724	3
30726	3
30728	3
30801	3
30802	3
30803	3
30804	3
30805	3
30808	2
30810	3
30811	3
30812	3
30813	3
30814	3
30817	2
30819	3
30821	2
30822	3
30824	3
30825	3
30826	3
30827	3
30828	3
30829	3
30830	3
30831	3
30834	3
30835	3
30836	3
30838	3
30841	3
30842	3
30844	3
30845	3
30846	3
30848	3
30849	3
30850	3
30852	3
30854	3
30856	2
30857	3
30858	3
30859	3
30860	3
30863	3
30865	3
30902	3
30903	3
30904	3
30906	3
30908	2
30909	3
30910	3
30912	3
30913	3
30915	3
30916	3
30917	3
30920	3
30921	3
30925	3
30929	3
30932	3
30935	3
30939	3
30940	3
30942	3
31001	3
31008	3
31009	3
31014	3
31015	3
31016	3
31018	3
31019	3
31021	3
31022	2
31025	3
31026	3
31028	3
31033	3
31035	3
31036	3
31037	3
31038	3
31041	3
31042	3
31043	3
31051	3
31052	3
31053	3
31101	3
31102	3
31103	3
31104	3
31105	3
31106	3
31107	3
31109	2
31110	3
31111	3
31113	3
31114	3
31117	3
31119	3
31120	3
31121	3
31123	3
31124	3
31129	3
31130	3
31201	2
31202	2
31203	3
31204	3
31205	3
31206	2
31207	3
31208	3
31213	2
31214	2
31215	3
31216	3
31224	3
31226	3
31227	2
31228	3
31229	3
31230	2
31234	3
31301	3
31302	3
31303	3
31304	3
31308	2
31309	3
31310	3
31311	3
31315	2
31319	3
31321	3
31322	2
31323	3
31324	3
31326	3
31327	2
31330	3
31333	3
31336	3
31337	2
31338	3
31340	3
31343	3
31344	3
31346	3
31347	3
31350	3
31351	3
31355	3
31356	3
31401	3
31402	3
31403	3
31404	3
31405	3
31406	3
31407	3
31408	3
31409	3
31410	3
31411	3
31412	3
31413	3
31414	3
31502	3
31503	3
31504	3
31505	3
31506	3
31507	3
31508	2
31509	2
31511	3
31513	3
31514	3
31515	3
31516	2
31517	2
31519	3
31520	3
31521	3
31522	2
31523	3
31524	3
31525	3
31527	3
31528	3
31530	2
31531	2
31533	2
31534	3
31535	3
31537	3
31539	3
31540	3
31541	3
31542	3
31543	3
31546	3
31549	2
31550	3
31551	3
31552	3
31553	3
31601	3
31603	3
31604	3
31605	3
31606	3
31608	3
31609	3
31611	3
31612	3
31613	3
31614	3
31615	3
31616	3
31617	3
31620	3
31621	3
31622	3
31627	3
31628	3
31629	3
31630	3
31633	2
31634	3
31636	3
31642	2
31644	3
31645	3
31646	3
31649	3
31650	3
31651	3
31652	3
31653	3
31654	3
31655	2
31658	3
31701	3
31702	2
31703	2
31704	2
31706	3
31707	2
31709	2
31710	2
31711	2
31712	2
31713	3
31714	3
31715	2
31716	2
31717	2
31718	3
31719	2
31723	2
31725	2
31726	3
31801	3
31802	3
31803	3
31804	2
31805	3
31806	3
31807	3
31808	2
31809	3
31810	2
31811	2
31812	3
31813	3
31814	3
31815	3
31817	2
31818	2
31820	3
31821	3
31823	3
31825	3
31826	3
31827	3
31829	3
31830	3
31831	3
31832	3
31833	3
31834	3
31835	3
31836	3
31837	3
31838	3
31839	2
31840	3
31841	3
31842	3
31843	3
31844	3
31845	3
31846	2
31847	3
31848	3
31849	3
31901	3
31902	3
31903	3
31904	3
31905	3
31906	3
31907	3
31909	3
31910	3
31911	3
31912	2
31913	3
31915	3
31916	3
31917	3
31918	3
31919	3
31920	3
31921	2
31922	3
31923	3
31925	3
31926	2
31927	3
31928	3
31929	3
31930	3
31932	3
31934	3
31935	3
31938	3
31939	3
31940	3
31941	3
31943	2
31945	3
31946	3
31947	2
31948	3
32001	3
32002	3
32003	3
32004	3
32005	3
32006	3
32007	3
32008	3
32009	3
32010	3
32011	3
32012	3
32013	3
32014	3
32015	3
32016	2
32017	3
32018	3
32101	3
32104	3
32106	3
32107	3
32109	3
32110	3
32112	3
32114	3
32115	3
32116	3
32119	3
32120	3
32131	3
32132	3
32134	3
32135	2
32139	3
32140	2
32141	3
32142	2
32143	2
32202	3
32203	3
32206	3
32207	3
32209	3
32210	3
32212	3
32214	3
32216	3
32217	3
32219	3
32220	3
32221	3
32222	3
32223	3
32301	3
32302	3
32304	2
32305	2
32306	2
32307	2
32308	3
32309	3
32310	3
32311	3
32312	3
32313	2
32314	3
32315	3
32316	2
32317	3
32318	2
32319	3
32320	2
32321	3
32322	3
32323	3
32324	3
32325	3
32326	3
32327	2
32330	2
32331	3
32332	3
32333	3
32334	3
32335	3
32336	3
32337	2
32338	3
30729	3
30730	3
31949	2
31235	3
30731	3
30732	2
30733	2
32144	2
30734	2
30735	2
30736	2
31950	2
30737	3
31951	2
31952	2
30738	3
30739	2
30740	2
31953	3
31954	3
30741	2
32501	3
32502	3
32503	3
32504	3
32505	3
32506	3
32508	3
32509	3
32511	3
32514	3
32515	3
32516	3
32517	3
32518	3
32519	3
32520	3
32521	3
32522	3
32523	3
32524	3
32525	3
32528	3
32529	3
32530	3
40101	1
40201	2
40301	2
40401	3
40402	3
40403	3
40404	2
40405	3
40406	3
40407	3
40408	3
40409	3
40410	3
40411	3
40412	3
40413	3
40414	3
40415	3
40416	3
40417	3
40418	3
40419	3
40420	3
40421	2
40422	3
40423	3
40424	3
40425	3
40426	2
40427	3
40428	3
40429	3
40430	3
40431	2
40432	3
40433	3
40434	3
40435	3
40436	3
40437	3
40438	3
40439	3
40440	3
40441	2
40442	3
40443	3
40444	3
40445	3
40446	3
40501	3
40502	3
40503	2
40504	2
40505	3
40506	3
40507	3
40508	3
40509	2
40510	3
40511	3
40512	3
40601	2
40602	3
40603	3
40604	2
40605	3
40606	3
40607	3
40608	3
40609	3
40610	3
40611	3
40612	3
40613	3
40614	2
40615	3
40616	3
40617	3
40618	3
40619	3
40620	3
40621	3
40622	3
40623	3
40624	2
40625	3
40626	3
40627	3
40701	2
40702	2
40703	2
40704	2
40705	2
40706	3
40707	3
40708	2
40709	3
40710	3
40711	2
40712	3
40713	2
40714	2
40715	3
40716	3
40717	3
40718	2
40719	3
40720	3
40801	3
40802	3
40803	3
40804	3
40805	3
40806	3
40807	3
40808	2
40809	3
40810	3
40811	3
40812	3
40813	3
40814	3
40815	3
40816	3
40817	3
40818	3
40819	3
40820	3
40821	3
40822	3
40823	3
40824	3
40825	3
40826	3
40827	2
40828	3
40829	3
40830	2
40831	3
40832	3
40833	3
40834	3
40901	3
40902	3
40903	3
40904	3
40905	2
40906	3
40907	3
40908	2
40909	3
40910	3
40911	3
40912	3
40913	3
40914	3
40915	3
40916	3
40917	3
40918	3
40919	3
40920	3
40921	3
40922	3
40923	3
41001	3
41002	2
41003	2
41004	3
41005	2
41006	3
41007	2
41008	3
41009	3
41010	3
41011	3
41012	2
41013	3
41014	3
41015	3
41016	3
41017	2
41018	3
41019	2
41020	3
41021	2
41022	3
41101	3
41102	3
41103	3
41104	3
41105	3
41106	3
41107	3
41108	3
41109	2
41110	2
41111	2
41112	3
41113	3
41114	3
41115	3
41116	2
41117	3
41118	3
41119	3
41120	2
41121	3
41122	3
41123	3
41124	3
41125	3
41126	3
41201	3
41202	3
41203	3
41204	3
41205	3
41206	3
41207	3
41208	3
41209	3
41210	3
41211	3
41212	3
41213	3
41214	3
41215	3
41216	3
41217	3
41218	3
41219	3
41220	3
41221	3
41222	3
41223	3
41224	3
41225	2
41226	3
41227	3
41228	3
41229	3
41230	3
41231	3
41232	3
41233	3
41234	3
41235	3
41236	3
41301	3
41302	3
41304	3
41305	3
41306	3
41307	3
41309	3
41310	3
41311	3
41312	3
41313	3
41314	3
41315	3
41316	3
41317	3
41318	3
41319	3
41320	3
41321	3
41322	3
41323	3
41324	3
41325	3
41326	3
41327	3
41328	3
41329	3
41331	3
41332	3
41333	3
41334	3
41335	3
41336	3
41337	3
41338	3
41340	3
41341	3
41342	3
41343	3
41344	3
41401	3
41402	3
41403	2
41404	3
41405	3
41406	3
41407	3
41408	3
41409	3
41410	3
41411	3
41412	3
41413	3
41414	3
41415	3
41416	3
41417	3
41418	3
41419	3
41420	3
41421	3
41422	2
41423	3
41424	3
41425	3
41426	3
41427	3
41428	3
41429	3
41430	3
41501	3
41502	3
41503	2
41504	2
41505	3
41506	2
41507	3
41508	3
41509	3
41510	3
41511	2
41512	3
41513	3
41514	2
41515	3
41516	2
41517	3
41518	3
41521	3
41522	3
41601	3
41602	3
41603	3
41604	3
41605	3
41606	3
41607	2
41608	3
41609	3
41610	3
41611	3
41612	3
41613	3
41614	3
41615	3
41616	3
41617	2
41618	2
41619	3
41620	3
41621	3
41622	3
41623	3
41624	3
41625	3
41626	2
41627	3
41701	3
41702	3
41703	2
41704	3
41705	3
41706	3
41707	3
41708	3
41709	3
41710	3
41711	3
41712	3
41713	2
41714	3
41715	2
41716	3
41717	3
41718	3
41719	3
41720	2
41721	3
41722	3
41723	3
41724	3
41725	3
41726	3
41727	3
41728	3
41729	3
41730	2
41731	2
41732	2
41733	3
41734	3
41735	3
41736	3
41737	2
41738	2
41739	2
41740	3
41741	3
41742	3
41743	2
41744	3
41745	3
41746	2
41747	3
41748	3
41749	3
41750	3
41751	3
41752	3
41801	3
41802	3
41803	3
41804	3
41805	3
41806	2
41807	3
41808	2
41809	3
41810	3
41811	2
41812	2
41813	3
41814	3
41815	3
41816	3
41817	3
41818	3
41819	3
41820	2
41821	3
41822	3
41823	2
41824	2
50101	1
50201	3
50202	2
50203	3
50204	3
50205	2
50206	3
50207	2
50208	2
50209	2
50210	3
50211	3
50212	3
50213	2
50301	2
50302	3
50303	3
50304	3
50305	2
50306	3
50307	3
50308	2
50309	3
50310	2
50311	3
50312	3
50313	3
50314	2
50315	3
50316	3
50317	3
50318	3
50319	3
50320	3
50321	3
50322	3
50323	3
50324	2
50325	3
50326	2
50327	3
50328	3
50329	3
50330	3
50331	3
50332	3
50335	3
50336	3
50337	3
50338	2
50339	2
50401	3
50402	3
50403	3
50404	2
50405	3
50406	3
50407	3
50408	3
50409	3
50410	3
50411	3
50412	3
50413	3
50414	3
50415	3
50416	3
50417	3
50418	2
50419	3
50420	3
50421	2
50422	3
50423	3
50424	3
50425	3
50501	3
50502	3
50503	3
50504	3
50505	3
50506	3
50507	3
50508	3
50509	3
50510	3
50511	3
50512	3
50513	3
50514	3
50515	3
50601	3
50602	3
50603	3
50604	3
50605	3
50606	3
50607	3
50608	3
50609	3
50610	3
50611	3
50612	3
50613	3
50614	3
50615	3
50616	3
50617	3
50618	3
50619	2
50620	3
50621	3
50622	3
50623	3
50624	3
50625	3
50626	3
50627	3
50628	2
60101	1
60305	2
60318	3
60323	3
60324	3
60326	3
60329	3
60341	3
60344	2
60345	3
60346	3
60347	3
60348	3
60349	3
60350	3
60351	3
60608	2
60611	2
60613	2
60617	2
60618	3
60619	2
60623	3
60624	2
60626	3
60628	3
60629	3
60632	3
60639	3
60641	3
60642	3
60645	3
60646	2
60647	3
60648	3
60651	3
60653	3
60654	3
60655	2
60656	3
60659	3
60660	3
60661	3
60662	2
60663	3
60664	2
60665	3
60666	3
60667	2
60668	3
60669	2
60670	2
61001	3
61002	3
61007	3
61008	3
61012	2
61013	3
61016	3
61017	3
61019	3
61020	3
61021	3
61024	3
61027	3
61030	3
61032	3
61033	3
61043	3
61045	2
61049	3
61050	3
61051	3
61052	3
61053	2
61054	3
61055	3
61056	3
61057	3
61058	3
61059	3
61101	3
61105	3
61106	3
61107	3
61108	2
61109	3
61110	2
61111	3
61112	3
61113	3
61114	2
61115	3
61116	3
61118	3
61119	3
61120	2
61203	3
61204	3
61205	3
61206	3
61207	3
61213	3
61215	3
61217	3
61222	3
61236	3
61243	3
61247	3
61251	3
61252	3
61253	3
61254	3
61255	3
61256	3
61257	3
61258	3
61259	2
61260	3
61261	3
61262	3
61263	3
61264	3
61265	3
61266	3
61267	3
61410	3
61413	3
61425	3
61428	3
61437	3
61438	3
61439	3
61440	3
61441	3
61442	3
61443	3
61444	3
61445	3
61446	3
61611	3
61612	3
61615	3
61618	2
61621	3
61624	3
61625	2
61626	2
61627	3
61628	3
61629	3
61630	3
61631	2
61632	2
61633	3
61701	3
61708	3
61710	3
61711	3
61716	3
61719	3
61727	3
61728	3
61729	3
61730	3
61731	3
61740	3
61741	3
61743	3
61744	3
61745	3
61746	3
61748	3
61750	3
61751	3
61756	3
61757	3
61758	3
61759	3
61760	2
61761	3
61762	3
61763	3
61764	3
61765	3
61766	2
62007	2
62008	3
62010	3
62014	3
62021	3
62026	3
62032	3
62034	3
62036	3
62038	2
62039	3
62040	2
62041	2
62042	3
62043	3
62044	3
62045	3
62046	3
62047	2
62048	3
62105	3
62115	3
62116	3
62125	3
62128	2
62131	3
62132	3
62135	3
62138	3
62139	2
62140	2
62141	2
62142	3
62143	2
62144	3
62145	3
62146	2
62147	3
62148	3
62202	3
62205	3
62206	3
62209	3
62211	3
62214	3
62216	3
62219	2
62220	3
62226	3
62232	3
62233	3
62235	3
62242	3
62244	3
62245	3
62247	3
62252	3
62256	3
62262	3
62264	3
62265	3
62266	3
62267	2
62268	3
62269	3
62270	3
62271	3
62272	3
62273	3
62274	3
62275	3
62276	3
62277	3
62278	3
62279	3
62311	3
62314	3
62326	3
62330	3
62332	3
62335	3
62343	3
62347	3
62368	3
62372	3
62375	3
62376	3
62377	3
62378	3
62379	3
62380	3
62381	3
62382	3
62383	3
62384	3
62385	3
62386	3
62387	3
62388	3
62389	3
62390	3
70101	1
70201	3
70202	3
70203	2
70204	3
70205	3
70206	2
70207	2
70208	3
70209	3
70210	3
70211	3
70212	3
70213	3
70214	3
70215	3
70216	3
70217	3
70218	3
70219	3
70220	3
70221	3
70222	3
70223	3
70224	3
70301	2
70302	2
70303	2
70304	2
70305	2
70306	2
70307	3
70308	3
70309	2
70310	2
70311	3
70312	2
70313	3
70314	3
70315	3
70317	3
70318	3
70319	3
70320	2
70322	3
70323	3
70325	2
70326	3
70327	3
70328	2
70329	2
70330	3
70331	3
70332	2
70333	3
70334	3
70335	3
70336	3
70337	2
70338	3
70339	3
70340	2
70341	3
70342	3
70343	3
70344	3
70345	3
70346	2
70347	3
70348	3
70349	3
70350	2
70351	3
70352	3
70353	2
70354	2
70355	3
70356	3
70357	2
70358	2
70359	3
70360	3
70361	2
70362	3
70364	2
70365	2
70366	3
70367	2
70368	3
70369	2
70401	3
70402	3
70403	3
70404	3
70405	3
70406	3
70407	3
70408	3
70409	3
70410	3
70411	2
70412	3
70413	3
70414	3
70415	3
70416	2
70417	3
70418	3
70419	3
70420	3
70501	3
70502	2
70503	2
70504	3
70505	3
70506	2
70508	2
70509	3
70510	3
70511	2
70512	2
70513	2
70514	2
70515	3
70516	3
70517	3
70518	2
70519	3
70520	2
70521	2
70522	2
70523	3
70524	3
70525	3
70526	3
70527	3
70528	3
70529	3
70530	3
70531	2
70601	3
70602	3
70603	3
70604	3
70605	3
70606	3
70607	3
70608	3
70609	3
70610	3
70611	3
70612	3
70613	3
70614	2
70615	3
70616	3
70617	3
70618	3
70619	3
70620	3
70621	3
70622	3
70623	3
70624	3
70625	3
70626	2
70627	3
70628	3
70629	3
70630	3
70701	3
70702	3
70703	3
70704	3
70705	3
70706	3
70707	2
70708	2
70709	3
70710	3
70711	3
70712	3
70713	3
70714	3
70715	3
70716	2
70717	3
70718	3
70719	3
70720	3
70721	3
70723	3
70724	3
70725	3
70726	3
70727	3
70728	3
70729	3
70731	3
70732	3
70733	3
70734	3
70735	3
70801	3
70802	3
70803	3
70804	3
70805	2
70806	3
70807	3
70808	3
70809	3
70810	3
70811	3
70812	3
70813	3
70814	3
70815	3
70816	2
70817	3
70818	3
70819	3
70820	2
70821	3
70822	3
70823	3
70824	3
70825	3
70826	3
70827	3
70828	2
70829	3
70830	3
70831	3
70832	3
70833	3
70834	3
70835	2
70836	3
70837	3
70901	3
70902	3
70903	3
70904	3
70905	2
70907	3
70908	3
70909	2
70910	3
70911	3
70912	3
70913	3
70914	3
70915	3
70916	3
70917	2
70918	3
70920	3
70921	3
70922	2
70923	3
70924	3
70925	3
70926	2
70927	2
70928	2
70929	3
70930	3
70931	3
70932	3
70933	3
70934	3
70935	2
70936	2
70937	3
70938	3
70939	2
70940	2
70941	3
80101	3
80102	3
80103	2
80104	2
80105	3
80106	2
80107	3
80108	3
80109	3
80110	3
80111	3
80112	3
80113	3
80114	3
80115	2
80116	2
80117	2
80118	3
80119	3
80120	3
80121	3
80122	2
80123	3
80124	3
80125	2
80126	2
80127	3
80128	3
80129	3
80201	3
80202	3
80203	3
80204	3
80205	3
80206	3
80207	2
80208	3
80209	3
80210	3
80211	3
80212	3
80213	2
80214	2
80215	2
80216	3
80217	2
80218	2
80219	3
80220	2
80221	3
80222	3
80223	3
80224	2
80225	3
80226	2
80227	3
80228	3
80229	3
80230	3
80231	3
80232	3
80233	3
80234	3
80235	2
80236	3
80237	3
80238	3
80239	3
80240	2
80301	2
80302	2
80303	2
80401	2
80402	2
80403	3
80404	2
80405	2
80406	3
80407	2
80408	2
80409	2
80410	2
80411	3
80412	2
80413	3
80414	2
80415	3
80416	2
80417	2
80418	2
80419	2
80420	2
80421	3
80422	3
80423	2
80424	3
90001	1